3
0.989678 -0.020328 0.141858 0.000000
-0.075427 -0.915572 0.395017 0.000000
0.121852 -0.401640 -0.907655 0.000000
-0.085424 -0.132033 0.023563 1.000000
0.989390 -0.014045 0.144602 0.000000
-0.069055 -0.921157 0.383016 0.000000
0.127822 -0.388938 -0.912353 0.000000
-0.088385 -0.141726 0.030165 1.000000
0.074540 0.915788 -0.394685 0.000000
-0.987412 0.012413 -0.157681 0.000000
-0.139503 0.401470 0.905186 0.000000
-0.077644 -0.113848 0.022013 1.000000
2266.014500
