3
0.935729 -0.032579 0.351212 0.000000
-0.167725 -0.917043 0.361802 0.000000
0.310289 -0.397455 -0.863568 0.000000
0.053928 -0.121077 0.042070 1.000000
0.934920 -0.026310 0.353882 0.000000
-0.158976 -0.922627 0.351405 0.000000
0.317256 -0.384794 -0.866765 0.000000
0.049520 -0.130776 0.047798 1.000000
0.166790 0.917267 -0.361666 0.000000
-0.930191 0.024735 -0.366243 0.000000
-0.326996 0.397503 0.857359 0.000000
0.062040 -0.102974 0.042384 1.000000
2268.222639
