3
0.974548 -0.020480 -0.223242 0.000000
0.049161 -0.952056 0.301949 0.000000
-0.218723 -0.305238 -0.926817 0.000000
-0.250763 -0.064602 -0.006217 1.000000
0.975401 -0.014515 -0.219961 0.000000
0.050709 -0.956296 0.287969 0.000000
-0.214527 -0.292039 -0.932036 0.000000
-0.251400 -0.074959 -0.000002 1.000000
-0.049865 0.952224 -0.301302 0.000000
-0.978249 0.014253 0.206944 0.000000
0.201351 0.305067 0.930802 0.000000
-0.243628 -0.046244 -0.008607 1.000000
2261.999715
