3
0.937794 -0.021417 0.346530 0.000000
-0.157955 -0.915139 0.370905 0.000000
0.309179 -0.402569 -0.861595 0.000000
0.040557 -0.125337 0.035019 1.000000
0.936945 -0.015132 0.349148 0.000000
-0.149213 -0.920742 0.360513 0.000000
0.316020 -0.389878 -0.864943 0.000000
0.036262 -0.135022 0.040857 1.000000
0.157019 0.915357 -0.370766 0.000000
-0.932267 0.013486 -0.361519 0.000000
-0.325919 0.402418 0.855474 0.000000
0.048514 -0.107164 0.035127 1.000000
2267.586974
