3
0.996362 -0.034127 -0.078092 0.000000
0.000960 -0.911767 0.410707 0.000000
-0.085218 -0.409288 -0.908417 0.000000
-0.193271 -0.127839 0.019817 1.000000
0.996764 -0.027823 -0.075412 0.000000
0.004474 -0.917524 0.397656 0.000000
-0.080256 -0.396707 -0.914430 0.000000
-0.194840 -0.137444 0.026999 1.000000
-0.001750 0.911998 -0.410190 0.000000
-0.997721 0.026077 0.062234 0.000000
0.067453 0.409364 0.909874 0.000000
-0.185781 -0.109782 0.016427 1.000000
2264.508950
