3
0.940782 -0.035693 0.337128 0.000000
-0.167800 -0.913109 0.371584 0.000000
0.294572 -0.406149 -0.865026 0.000000
0.055031 -0.120540 0.042496 1.000000
0.940052 -0.029398 0.339761 0.000000
-0.159246 -0.918830 0.361099 0.000000
0.301567 -0.393558 -0.868429 0.000000
0.050652 -0.130166 0.048367 1.000000
0.166868 0.913341 -0.371435 0.000000
-0.935522 0.027697 -0.352180 0.000000
-0.311372 0.406253 0.859072 0.000000
0.063258 -0.102486 0.042542 1.000000
2268.624120
