3
0.997830 -0.063267 -0.018255 0.000000
-0.059346 -0.984172 0.166984 0.000000
-0.028531 -0.165538 -0.985791 0.000000
-0.005017 0.042957 0.055896 1.000000
0.998226 -0.057857 -0.014054 0.000000
-0.055030 -0.986667 0.153165 0.000000
-0.022728 -0.152120 -0.988101 0.000000
-0.007434 0.031957 0.060308 1.000000
0.058528 0.984307 -0.166478 0.000000
-0.998228 0.059495 0.000827 0.000000
0.010719 0.166135 0.986045 0.000000
0.003279 0.060892 0.057665 1.000000
2257.683787
