3
0.997901 -0.063543 -0.012518 0.000000
-0.059929 -0.979263 0.193525 0.000000
-0.024556 -0.192368 -0.981016 0.000000
0.000213 0.005030 -0.021088 1.000000
0.998280 -0.058020 -0.008464 0.000000
-0.055557 -0.982134 0.179796 0.000000
-0.018744 -0.179017 -0.983667 0.000000
-0.002221 -0.005846 -0.016388 1.000000
0.059108 0.979412 -0.193027 0.000000
-0.998229 0.059297 -0.004802 0.000000
0.006742 0.192969 0.981182 0.000000
0.008500 0.023008 -0.019776 1.000000
2259.055524
