3
0.993806 -0.047270 -0.100572 0.000000
-0.018918 -0.963774 0.266048 0.000000
-0.109505 -0.262498 -0.958699 0.000000
-0.102426 -0.060942 -0.051615 1.000000
0.994424 -0.041465 -0.096966 0.000000
-0.015752 -0.967545 0.252207 0.000000
-0.104277 -0.249274 -0.962803 0.000000
-0.104164 -0.071493 -0.045962 1.000000
0.018577 0.964227 -0.264427 0.000000
-0.995592 0.042157 0.083780 0.000000
0.091931 0.261705 0.960760 0.000000
-0.095450 -0.044719 -0.050707 1.000000
2260.326876
