3
0.966005 -0.021041 -0.257666 0.000000
0.080714 -0.922314 0.377918 0.000000
-0.245601 -0.385868 -0.889261 0.000000
-0.297814 -0.099933 0.006031 1.000000
0.966847 -0.014806 -0.254927 0.000000
0.081845 -0.927682 0.364290 0.000000
-0.241885 -0.373078 -0.895715 0.000000
-0.298001 -0.109743 0.013105 1.000000
-0.081399 0.922523 -0.377261 0.000000
-0.970160 0.013401 0.242094 0.000000
0.228393 0.385710 0.893904 0.000000
-0.291170 -0.081711 0.001854 1.000000
2263.170684
